5042.869
5043.412
5067.107
4959.511
5066.43
5029.945
5077.165
5074.154
5034.195
4969.049
5036.259
5055.918
5060.26
5032.29
5049.645
5047.86
5069.824
4993.093
5066.645
4983.61
5054.969
5024.509
5080.514
5043.64
5042.534
5082.377
5026.731
5077.913
5034.028
5097.111
5124.823
5061.351
5067.275
5085.261
5115.137
5076.174
5069.852
5112.904
5135.341
5017.235
5113.408
5016.122
5108.988
5051.515
5083.29
5094.459
5089.989
5098.374
5070.884
5033.273
5056.869
5078.292
5123.313
5073.991
5021.858
5136.575
5140.357
5104.021
5062.377
5126.825
5095.538
5000.664
5078.437
5096.913
5085.762
5075.79
5096.261
5090.275
5087.66
5037.229
5000.051
5041.629
5072.757
5058.154
4802.247
5090.111
5078.053
5121.18
5039.489
5098.05
5068.783
5091.855
5087.618
5070.067
5114.086
5019.685
5090.655
4988.239
5123.063
5017.988
5063.916
5142.502
5090.796
5053.73
5086.985
5024.139
5066.22
5142.966
5018.807
5007.614
5044.592
5071.206
5055.118
5122.775
5072.561
5118.978
5076.085
5069.656
5088.414
5086.282
5060.68
5076.412
5091.377
4975.854
5069.422
5066.645
5088.269
5074.215
5120.515
5041.397
5155.876
5028.769
5103.979
5068.558
5048.548
5084.933
5066.365
5082.236
5140.068
5100.685
5131.932
5083.819
5035.498
5047.223
5054.959
4967.539
5058.774
5049.441
4986.567
4968.664
5034.084
5037.076
4988.781
5078.081
5102.822
5005.843
5037.665
5015.138
4992.463
5002.728
5103.523
4984.758
5102.221
5099.844
5080.814
5058
5123.393
5083.767
5084.666
4998.269
5084.854
4984.432
5079.485
5057.525
5035.545
5009.879
5070.618
5090.097
5081.956
5100.168
5161.768
5052.664
5049.613
5000.673
5101.817
5072.729
5089.113
5066.416
5096.491
4994.997
5028.329
5149.45
5068.148
5124.417
5088.442
5071.486
5068.783
5065.539
5079.185
5076.585
5067.373
5044.42
5112.221
5077.731
5059.752
5012.058
5132.915
5082.793
4950.949
5078.334
5002.894
4979.073
5036.644
4995.025
5040.496
4979.65
5039.851
4967.479
5019.283
4937.247
4981.435
5060.284
5018.474
5039.911
5068.246
5011.255
5121.647
5014.251
5010.133
5006.586
5023.121
5017.739
5046.702
5000.659
4960.448
5037.34
5075.239
5000.945
5018.317
5029.167
4984.335
5009.464
5030.64
5070.571
5059.911
5004.783
5038.3
5011.845
4970.308
5005.115
5044.053
4968.889
5055.835
5132.163
5062.652
5008.454
5018.696
5004.654
5071.5
5024.185
4958.561
4995.131
4979.293
5031.331
5077.371
5040.059
5038.983
5010.793
4979.284
5033.894
4992.776
4989.356
4940.39
4939.922
4941.806
4946.988
4989.346
4966.308
4905.378
4942.716
4981.293
4928.192
4960.658
4970.683
5033.764
4992.601
4938.925
4972.4
4980.783
4904.108
4945.07
5023.154
4919.032
5010.738
5034.311
4895.376
4997.335
4965.896
4961.974
4958.095
4969.928
4986.025
5032.346
4895.128
4953.654
5016.353
4937.502
4990.914
5007.896
4944.815
5023.755
4899.345
5080.72
4902.221
4947.143
5050.715
4899.255
5036.556
4923.451
4975.941
4946.419
4968.037
4982.371
4981.462
4874.742
4948.319
5042.362
4988.078
4943.258
4910.811
4902.018
4992.311
4906.715
4835.022
4897.807
4870.394
4881.945
4861.077
4893.325
4864.727
4918.434
4929.8
4870.959
4977.752
4887.208
4859.282
4904.926
4947.343
4896.779
4934.224
4915.445
4870.86
4893.564
4891.36
4908.017
4868.304
4871.56
4885.629
4892.554
4958.333
4910.947
4891.059
4872.44
4843.482
4877.491
4889.284
4920.944
4902.401
4842.108
4874.814
4967.745
4895.169
4875.173
4900.113
4973.055
4909.803
4882.354
4914.341
4917.243
4993.167
4921.244
4950.712
4866.793
4869.976
4834.314
4894.808
4805.224
4899.431
4851.304
4996.668
4979.105
4988.671
4944.428
4945.644
4875.838
4805.485
4796.814
4755.884
4770.08
4777.519
4869.972
4838.537
4860.127
4830.295
4767.089
4757.4
4820.89
4810.126
4815.84
4822.622
4867.855
4810.201
4827.391
4805.286
4857.787
4826.124
4790.95
4877.082
4863.584
4845.365
4812.577
4879.796
4835.004
4765.829
4796.805
4814.989
4771.539
4848.418
4848.293
4873.319
4842.188
4764.008
4854.848
4793.621
4924.504
4839.09
4821.086
4914.648
4859.004
4861.605
4766.812
4827.431
4831.835
4870.398
4813.051
4822.272
4870.012
4844.276
4793.912
4808.523
4764.218
4769.557
4720.992
4731.487
4768.332
4774.933
4738.364
4762.828
4729.391
4779.337
4785.314
4838.795
4771.948
4780.882
4796.385
4788.484
4752.933
4796.027
4735.184
4788.749
4806.503
4746.467
4733.034
4777.013
4842.585
4759.688
4806.982
4782.424
4781.561
4762.376
4747.91
4819.572
4732.734
4803.972
4772.989
4836.871
4777.577
4799.01
4756.638
4742.91
4723.68
4802.322
4745.846
4872.345
4731.866
4683.952
4862.071
4728.686
4752.145
4750.272
4772.295
4726.809
4757.409
4745.571
4761.297
4815.099
4793.766
4810.733
4797.746
4769.461
4687.789
4783.459
4790.963
4786.187
4753.708
4790.743
4778.1
4809.608
4598.202
4693.431
4735.297
4772.409
4644.165
4738.853
4724.916
4716.355
4718.931
4651.485
4736.541
4611.328
4743.613
4747.494
4698.5
4719.779
4737.496
4690.86
4736.964
4668.563
4697.843
4752.451
4699.916
4742.927
4712.052
4718.284
4708.785
4638.146
4663.329
4748.898
4789.591
4634.986
4761.455
4685.147
4697.933
4667.003
4694.287
4600.812
4730.315
4768.666
4708.655
4633.727
4657.346
4719.362
4700.73
4624.914
4676.142
4641.01
4633.228
4682.533
4602.973
4634.052
4586.659
4598.113
4635.375
4649.635
4635.221
4605.594
4631.415
4602.821
4672.469
4625.655
4650.834
4693.427
4699.193
4698.505
4686.248
4589.393
4635.823
4638.232
4610.471
4639.702
4667.635
4674.333
4564.866
4659.911
4649.712
4600.973
4605.793
4633.936
4657.007
4695.455
4634.197
4574.214
4698.128
4635.213
4681.158
4615.879
4734.848
4631.061
4622.861
4602.922
4570.895
4663.621
4657.663
4581.065
4600.723
4649.973
4532.899
4636.541
4730.764
4532.782
4644.426
4518.052
4514.787
4584.383
4568.728
4486.326
4560.802
4551.348
4464.846
4588.861
4587.525
4490.278
4574.837
4550.514
4599.939
4519.313
4527.462
4563.895
4606.816
4537.64
4560.261
4582.947
4560.067
4525.195
4582.441
4586.946
4579.863
4598.206
4514.355
4582.301
4566.241
4585.882
4574.639
4589.334
4544.65
4540.713
4568.475
4570.988
4536.349
4553.029
4527.104
4638.646
4576.924
4543.888
4598.575
4548.737
4570.929
4588.015
4649.725
4580.947
4574.151
4583.53
4502.176
4584.843
4599.337
4556.847
4594.075
4610.462
4442.895
4443.071
4519.139
4497.774
4507.346
4470.479
4470.183
4441.349
4406.868
4511.25
4505.403
4516.887
4487.5
4452.793
4533.805
4511.308
4481.854
4539.421
4442.674
4498.632
4466.532
4537.109
4512.621
4493.269
4519.359
4490.431
4520.467
4534.891
4543.416
4473.391
4485.942
4486.235
4497.555
4480.958
4470.479
4501.517
4484.781
4513.91
4484.129
4541.119
4453.002
4526.016
4482.411
4526.954
4508.99
4531.234
4475.641
4525.657
4439.999
4510.132
4545.199
4564.509
4540.207
4497.414
4582.006
4490.456
4526.42
4519.809
4547.12
4537.013
4515.669
4552.669
4515.931
4450.185
4440.302
4481.618
4196.918
4416.022
4439.328
4411.437
4470.232
4478.969
4384.132
4445.441
4455.677
4406.089
4452.108
4456.818
4432.489
4435.45
4422.686
4369.882
4377.245
4472.167
4431.252
4453.941
4442.707
4442.261
4481.754
4481.007
4415.372
4433.387
4481.771
4400.075
4459.31
4426.671
4403.107
4397.393
4419.88
4436.349
4397.571
4428.608
4441.463
4418.699
4435.286
4478.387
4411.481
4423.378
4371.431
4465.508
4394.976
4474.471
4425.872
4497.31
4505.382
4475.155
4446.493
4407.286
4422.588
4434.637
4439.455
4432.085
4465.952
4372.704
4420.307
4488.769
4494.424
4445.29
4388.839
4428.551
4414.27
4561.878
4437.011
4290.675
4349.031
4301.45
4372.41
4353.732
4391.265
4339.771
4408.025
4386.503
4369.576
4325.621
4386.928
4383.664
4367.407
4395.761
4310.452
4344.855
4391.892
4385.421
4333.724
4381.202
4377.995
4351.651
4300.127
4393.539
4331.613
4359.478
4341.423
4408.407
4429.661
4313.991
4304.351
4404.271
4382.372
4393.846
4309.377
4395.401
4397.275
4374.645
4379.257
4425.575
4366.651
4407.676
4354.734
4389.777
4331.003
4442.727
4422.323
4335.497
4389.061
4357.784
4361.815
4412.692
4366.245
4379.866
4364.347
4342.126
4382.13
4394.466
4263.062
4246.935
4289.36
4234.733
4294.748
4328.769
4287.768
4292.577
4340.651
4344.839
4318.468
4293.723
4290.106
4300.416
4271.996
4390.299
4296.184
4324.86
4359.365
4309.404
4318.734
4325.422
4314.587
4268.716
4295.183
4373.848
4307.563
4326.529
4240.307
4339.456
4283.402
4365.276
4278.308
4330.676
4293.668
4327.271
4339.376
4390.299
4338.848
4290.585
4290.739
4319.092
4322.813
4357.784
4300.257
4316.515
4364.214
4256.357
4344.126
4274.952
4341.027
4286.8
4358.823
4235.428
4314.401
4284.85
4323.036
4264.052
4350.373
4238.089
4373.336
4312.184
4316.754
4347.18
4300.376
4156.036
4162.188
4216.1
4289.237
4262.081
4227.606
4237.449
4287.736
4265.179
4221.749
4237.437
4204.393
4270.47
4278.836
4254.01
4170.576
4253.222
4267.222
4273.366
4252.983
4222.201
4284.16
4256.063
4206.093
4264.7
4228.949
4193.51
4283.248
4271.737
4242.858
4225.546
4313.582
4286.125
4228.786
4251.362
4258.706
4203.339
4246.889
4258.996
4265.399
4233.197
4257.294
4303.59
4298.175
4280.783
4273.637
4283.083
4223.83
4173.662
4290.146
4263.545
4191.633
4231.318
4206.089
4239.752
4305.239
4226.644
4242.205
4205.369
4256.882
4272.236
4262.721
4178.935
4190.247
4165.658
4165.202
4185.249
4069.075
4265.874
4183.09
4225.967
4177.496
4214.931
4156.438
4207.817
4192.768
4163.645
4164.001
4179.467
4217.711
4194.414
4203.831
4206.422
4240.014
4252.705
4201.307
4190.444
4223.111
4190.271
4237.542
4146.584
4262.363
4233.747
4189.317
4151.854
4215.172
4207.817
4217.684
4136.098
4188.715
4217.851
4174.615
4241.713
4166.61
4173.504
4168.775
4188.496
4211.307
4173.454
4090.655
4142.045
4192.444
4208.736
4209.856
4221.656
4190.707
4180.883
4161.95
4222.776
4201.822
4180.329
4250.042
4210.717
4152.466
4269.353
4175.342
4276.248
4197.339
4167.151
4199.505
4231.314
4227.053
4205.523
4169.977
4139.349
4117.208
4067.486
4137.108
4167.282
4126.244
4108.526
4120.744
4144.503
4164.289
4101.377
4109.995
4088.278
4111.187
4115.571
4120.695
4177.708
4173.635
4140.665
4124.051
4145.549
4199.648
4164.427
4152.665
4124.94
4045.953
4133.825
4129.247
4152.749
4076.908
4121.431
4152.389
4107.368
4073.807
4183.006
4135.542
4147.218
4145.66
4173.47
4150.145
4107.917
4121.511
4095.356
4160.421
4132.18
4115.643
4102.952
4120.266
4141.492
4172.021
4095.496
4047.448
4087.213
4083.006
4076.889
4098.495
4144.274
4183.121
4109.31
4126.122
4158.298
4133.075
4120.987
4148.238
4064.393
4040.237
4108.647
4047.09
4102.597
4078.203
4035.038
4121.716
4066.722
4110.9
4072.584
4052.323
4057.918
4110.093
4026.303
4024.52
4078.556
4054.208
4049.48
4080.209
4014.546
4042.15
4085.335
4069.588
4070.803
4079.894
4035.633
4133.151
4056.569
4085.403
4079.556
4059.667
4051.528
4129.35
4110.706
4067.932
4043.372
4131.609
4110.286
4078.526
4109.843
4070.529
4102.487
4144.163
4093.561
4071.148
4097.299
4072.577
4098.046
4090.414
4061.571
4082.709
4089.63
4010.699
4004.612
4065.759
4055.22
4029.701
3948.157
4007.819
3952.265
3991.172
3963.518
4003.576
3984.928
3972.172
4008.657
4003.915
4006.855
4045.078
4086.167
4067.003
4000.726
4041.759
4015.626
4006.309
3995.693
4054.664
3978.052
4056.584
4053.615
4043.927
4009.307
3998.358
3999.039
4020.237
4058.729
4058.497
4067.295
3985.482
4007.306
4055.661
4239.717
4065.718
4033.916
4066.538
4012.831
3234.385
4080.555
3976.847
4068.67
4017.635
3942.801
4037.332
4029.82
4015.693
4027.156
3953.477
3975.741
4024.668
4008.982
4069.982
4037.079
4010.477
4053.671
4051.842
4056.184
3947.288
3943.19
3970.837
3962.989
3912.847
3959.705
3966.217
3954.432
3995.115
3979.899
3930.227
3966.878
3954.366
3928.747
3976.73
4008.118
3923.243
3928.096
3982.668
3991.51
3942.264
3974.17
3944.098
3954.246
3983.273
3967.43
3984.19
3927.799
3976.887
3959.702
4006.246
3974.672
3957.937
4037.477
3957.824
4048.574
3955.83
3979.91
3984.381
3925.333
3997.912
3943.052
3992.908
3986.745
4023.215
3992.624
3948.725
4020.056
3946.321
3957.39
4036.811
3999.809
3949.874
3939.12
3996.587
3981.476
3941.461
3983.856
4070.263
3956.942
4018.505
3918.336
3985.302
3952.804
4057.694
3957.623
4022.452
3958.498
4022.93
4006.483
3907.855
3984.128
3981.201
3892.126
3897.754
3887.873
3939.494
3904.739
3881.672
3912.742
3934.465
3921.116
3811.241
3868.574
3966.396
3925.531
3986.073
3908.086
3909.428
3929.409
3862.272
3905.944
3881.579
3887.046
3916.175
3909.364
3900.293
3926.493
3933.765
3961.551
3899.887
3884.906
3885.389
3874.093
3952.975
3910.631
3917.722
3959.505
3918.22
3844.551
3845.447
3834.264
3941.65
3853.357
3852.676
3919.7
3913.024
3916.42
3942.387
3911.744
3920.542
3865.315
3952.888
3992.529
3938.297
3881.49
3946.089
3914.927
3940.997
3886.702
3962.325
3928.334
3915.421
3870.081
3828.981
3878.47
3795.649
3840.633
3893.549
3854.344
3803.25
3852.864
3841.766
3909.911
3878.017
3910.314
3854.472
3865.795
3859.129
3845.483
3859.598
3891.513
3858.77
3885.915
3816.732
3830.731
3863.546
3888.406
3816.83
3895.59
3857.018
3941.341
3870.241
3930.995
3878.549
3901.457
3785.559
3856.972
3859.537
3890.746
3848.569
3913.831
3865.845
3843.132
3900.39
3845.784
3906.455
3863.603
3912.941
3889.316
3902.464
3840.361
3907.215
3646.401
3852.74
3925.011
3887.189
3885.256
3896.853
3926.642
3893.528
3916.528
3859.232
3890.434
3844.905
3872.424
3852.633
3911.074
3829.891
3912.505
3809.887
3846.131
3788.576
3799.115
3811.638
3811.438
3831.934
3817.045
3860.092
3823.604
3801.775
3811.501
3865.635
3779.793
3770.086
3832.047
3819.186
3809.255
3789.522
3807.519
3833.901
3779.574
3790.608
3848.321
3889.184
3856.68
3827.85
3829.627
3783.576
3797.261
3865.058
3839.35
3793.496
3773.991
3806.085
3881.147
3867.198
3811.034
3837.554
3840.379
3803.866
3837.377
3760.127
3859.843
3778.081
3906.114
3766.667
3754.738
3813.078
3801.944
3814.139
3805.675
3751.344
3858.393
3824.815
3821.991
3814.388
3812.119
3740.793
3825.104
3823.445
3841.168
3837.829
3857.917
3811.312
3138.242
3785.678
3762.604
3705.688
3764.17
3764.115
3789.438
3740.969
3798.8
3733.124
3793.388
3778.499
3783.52
3714.576
3757.212
3772.837
3743.102
3742.933
3775.298
3698.194
3705.541
3768.145
3758.33
3769.131
3769.6
3688.927
3766.015
3787.624
3744.171
3774.14
3745.795
3773.546
3776.815
3804.571
3749.399
3763.508
3777.11
3771.638
3783.614
3729.674
3786.044
3762.319
3721.541
3765.658
3794.6
3803.887
3734.837
3793.164
3752.581
3784.695
3746.679
3752.201
3778.864
3729.038
3760.078
3776.216
3772.743
3814.051
3797.53
3762.794
3783.545
3806.604
3796.146
3763.338
3778.502
3745.937
3785.633
3698.061
3754.247
3708.098
3629.898
3699.032
3733.324
3694.326
3711.83
3709.321
3690.004
3727.586
3697.71
3729.571
3709.974
3718.341
3720.287
3730.303
3736.179
3759.524
3750.048
3659.031
3703.979
3763.324
3757.814
3725.942
3727.167
3670.324
3710.674
3703.317
3660.389
3771.618
3711.809
3736.988
3707.914
3748.632
3690.664
3717.975
3684.903
3766.47
3684.387
3713.112
3744.826
3755.288
3707.651
3734.861
3697.904
3669.807
3682.409
3715.1
3749.472
3760.508
3717.889
3740.796
3691.564
3754.413
3746.368
3786.993
3640.354
3750.148
3680.612
3681.022
3777.437
3745.54
3680.816
3636.249
3727.342
3769.728
3733.461
3740.214
3694.309
3638.085
3638.973
3631.925
3648.696
3666.074
3669.899
3674.295
3655.841
3629.704
3648.168
3671.383
3627.084
3713.519
3640.965
3626.433
3681.738
3673.49
3646.512
3666.419
3709.441
3702.594
3658.677
3655.477
3658.279
3680.673
3718.016
3613.983
3637.546
3723.136
3669.662
3705.842
3639.342
3675.859
3664.68
3648.928
3669.321
3612.938
3620.022
3683.715
3681.029
3667.871
3671.305
3693.078
3704.777
3666.743
3688.451
3703.501
3677.21
3699.897
3721.075
3670.818
3703.576
3719.129
3673.016
3664.248
3722.868
3688.828
3667.77
3573.696
3687.887
3497.506
3685.378
3634.97
3712.596
3657.74
3662.905
3709.735
3707.2
3710.138
3621.9
3589.16
3630.935
3591.568
3683.529
3612.685
3614.359
3621.713
3601.137
3607.328
3699.073
3619.949
3627.943
3611.168
3518.669
3627.058
3676.977
3639.007
3609.106
3619.082
3695.317
3679.663
3627.586
3632.025
3591.042
3598.11
3602.58
3654.612
3663.327
3627.104
3687.456
3625.999
3607.999
3633.661
3580.675
3608.767
3616.73
3573.769
3625.879
3662.993
3681.077
3604.206
3629.541
3592.679
3639.556
3658.63
3646.408
3583.651
3630.975
3622.357
3661.418
3660.143
3637.512
3627.134
3717.105
3619.562
3623.779
3621.473
3606.176
3591.459
3604.9
3683.413
3646.919
3689.868
3578.766
3674.613
3675.026
3662.075
3606.896
3584.288
3584.905
3631.376
3655.177
3550.583
3589.507
3564.61
3551.531
3595.93
3610.938
3561.562
3601.947
3573.413
3538.36
3608.614
3610.918
3622.754
3591.707
3626.35
3632.517
3538.761
3587.64
3617.539
3617.323
3522.651
3570.321
3565.247
3566.531
3614.792
3603.997
3584.334
3601.88
3624.47
3589.55
3548.19
3570.88
3491.089
3594.261
3560.607
3599.539
3614.822
3631.661
3522.44
3612.468
3531.104
3628.611
3544.92
3482.318
3542.175
3594.457
3448.578
3519.548
3535.025
3514.342
3555.77
3543.853
3492.484
3513.996
3551.051
3570.281
3552.506
3593.818
3532.626
3585.361
3547.942
3593.801
3519.713
3567.961
3531.344
3510.454
3438.28
3519.648
3571.811
3487.977
3583.538
3542.27
3565.04
3536.194
3561.414
3548.775
3496.34
3567.379
3540.013
3560.591
3540.248
3503.015
3611.637
3517.121
3596.5
3504.652
3601.558
3545.093
3508.579
3571.393
3558.165
3520.88
3481.247
3551.355
3520.514
3502.167
3559.142
3583.017
3549.478
3553.138
3567.31
3503.574
3569.312
3543.334
3587.366
3547.634
3474.757
3485.151
3572.887
3493.237
3489.86
3449.881
3500.751
3529.884
3536.269
3433.005
3491.638
3508.566
3543.389
3482.591
3564.046
3477.001
3524.144
3528.025
3455.045
3529.036
3521.882
3522.94
3536.168
3540.652
3563.849
3465.307
3499.391
3499.862
3449.369
3467.57
3522.684
3514.504
3503.909
3455.687
3494.518
3556.255
3483.688
3490.773
3564.719
3532.408
3520.151
3522.982
3548.965
3540.336
3501.59
3451.625
3526.693
3494.569
3420.872
3500.577
3431.64
3499.513
3458.658
3487.094
3395.696
3431.817
3461.077
3482.565
3456.474
3449.537
3477.645
3440.814
3488.835
3394.452
3457.388
3417.559
3439.56
3484.814
3505.707
3442.764
3474.914
3453.804
3429.838
3458.158
3473.055
3472.505
3481.305
3507.51
3423.965
3524.897
3476.223
3444.765
3527.193
3457.372
3447.409
3482.427
3498.15
3451.209
3498.373
3482.28
3503.077
3417.899
3495.738
3492.922
3431.004
3407.665
3399.095
3392.977
3439.883
3398.372
3462.206
3489.819
3445.771
3447.314
3427.467
3438.882
3373.616
3424.832
3456.891
3452.656
3439.661
3365.144
3456.598
3456.483
3426.662
3415.564
3418.041
3468.666
3417.78
3490.613
3446.981
3446.054
3447.162
3437.802
3423.126
3440.127
3394.261
3443.49
3425.498
3392.242
3464.834
3413.919
3359.192
3441.911
3414.457
3481.273
3382.636
3429.384
3465.84
3414.4
3433.982
3412.737
3380.823
3439.132
3439.097
3478.757
3484.962
3490.175
3442.326
3424.349
3398.218
3354.551
3391.902
3301.935
3401.631
3405.55
3390.146
3427.161
3369.502
3382.371
3432.218
3402.224
3337.257
3398.137
3390.993
3422.271
3416.222
3400.263
3393.73
3348.751
3404.606
3420.74
3377.904
3464.062
3389.347
3390.009
3367.742
3309.062
3402.822
3374.032
3391.171
3347.999
3442.615
3366.226
3465.048
3382.356
3387.487
3375.462
3408.44
3363.158
3378.828
3395.309
3414.196
3379.039
3400.219
3360.514
3373.656
3338.256
3301.621
3404.929
3311.989
3336.79
3399.549
3327.028
3386.246
3378.159
3355.086
3324.966
3379.674
3379.886
3307.039
3374.262
3300.581
3386.529
3312.666
3372.787
3409.646
3365.129
3389.132
3354.527
3344.427
3354.428
3355.352
3371.749
3365.73
3423.848
3368.661
3373.647
3319.871
3335.856
3352.933
3343.219
3399.38
3396.891
3415.102
3391.233
3381.072
3365.845
3355.76
3374.744
3304.082
3325.224
3378.629
3404.942
3338.241
3352.297
3368.515
3365.69
3432.18
3296.17
3298.059
3341.757
3286.031
3336.077
3311.187
3271.186
3300.214
3306.923
3355.664
3293.394
3392.673
3282.304
3350.685
3323.68
3339.938
3332.95
3276.397
3317.475
3353.495
3343.644
3207.699
3331.259
3361.309
3403.559
3324.694
3341.4
3321.385
3335.73
3334.246
3323.154
3326.614
3276.581
3348.961
3314.595
3304.238
3317.732
3349.439
3341.714
3320.74
3340.791
3375.605
3304.67
3338.902
3364.682
3374.269
3278.978
3330.87
3363.979
3284.331
3292.605
3258.77
3296.438
3254.121
3284.291
3295.943
3309.744
3259.634
3266.835
3307.148
3283.629
3254.678
3286.497
3256.627
3285.807
3312.98
3258.53
3285.371
3264.712
3303.553
3261.049
3357.228
3284.046
3316.339
3255.305
3292.378
3269.683
3305.443
3294.434
3274.605
3317.16
3269.322
3289.171
3314.284
3283.472
3350.574
3303.37
3308.501
3271.864
3310.125
3316.036
3290.971
3340.471
3291.929
3348.504
3276.719
3312.709
3293.257
3273.82
3342.302
3301.956
3269.174
3292.672
3207.906
3282.855
3224.049
3260.196
3271.084
3286.688
3265.307
3246.364
3212.285
3242.996
3266.465
3229.973
3260.592
3290.813
3288.823
3270.352
3240.885
3254.417
3256.726
3308.181
3272.847
3276.004
3302.008
3273.269
3265.217
3261.169
3316.308
3297.831
3274.963
3233.64
3250.185
3276.891
3244.514
3252.101
3296.902
3273.242
3280.228
3273.142
3255.449
3233.375
3261.977
3253.944
3334.191
3259.514
3273.015
3299.518
3313.487
3249.954
3285.625
3250.478
3280.905
3204.841
3223.826
3221.226
3291.032
3199.788
3221.321
3232.887
3238.185
3250.936
3217.473
3206.146
3212.749
3267.847
3253.443
3280.361
3202.719
3203.07
3244.502
3215.026
3265.034
3295.636
3238.722
3243.202
3205.473
3263.551
3232.014
3240.56
3229.702
3257.056
3282.193
3303.23
3268.084
3238.313
3315.309
3264.528
3194.573
3242.121
3223.693
3239.456
3244.415
3228.111
3286.536
3218.546
3204.569
3227.528
3225.472
3189.566
3200.104
3229.898
3245.273
3195.018
3234.495
3246.352
3250.053
3189.796
3184.081
3281.651
3180.789
3247.247
3201.286
3216.566
3257.866
3225.9
3230.717
3237.89
3221.004
3225.932
3242.889
3197.47
3236.787
3235.788
3186.51
3215.828
3236.986
3178.713
3242.289
3200.089
3118.775
3276.65
3252.751
3181.929
3229.33
3171.01
3178.563
3201.28
3256.618
3223.553
3220.313
3193.855
3227.974
3230.592
3179.345
3229.265
3191.668
3277.202
3188.92
3194.876
3213.486
3146.436
3144.341
3194.173
3166.945
3197.29
3219.66
3202.094
3159.713
3195.159
3193.208
3166.857
3170.111
3177.817
3219.061
3181.864
3190.336
3172.646
3163.863
3189.613
3240.843
3138.843
3195.821
3205.068
3207.522
3231.839
3201.911
3180.045
3218.477
3151.897
3218.338
3217.751
3206.231
3195.132
3134.302
3169.702
3221.9
3181.812
3176.79
3230.315
3179.19
3144.173
3212.474
3184.304
3210.528
3225.383
3195.98
3176.959
3172.351
3196.401
3239.226
3227.852
3089.673
3168.5
3125.245
3202.064
3123.993
3150.466
3188.38
3137.505
3166.965
3144.457
3178.991
3169.915
3210.315
3175.169
3134.227
3174.675
3120.41
3153.242
3201.964
3166.723
3167.747
3178.598
3162.514
3163.741
3187.335
3161.87
3091.776
3188.304
3168.777
3202.808
3168.05
3163.869
3136.422
3204.926
3185.134
3194.485
3213.67
3157.979
3108.503
3192.961
3157.758
3163.583
3172.854
3180.484
3123.441
3126.664
3173.915
3175.622
3176.079
3239.259
3145.876
3163.42
3148.407
3128.277
3118.281
3150.478
3091.842
3176.158
3106.145
3193.026
3121.221
3139.303
3094.292
3155.514
3166.746
3200.201
3111.35
3093.069
3133.54
3170.429
3152.414
3138.69
3206.296
3120.864
3188.074
3053.627
3117.87
3136.659
3138.765
3175.514
3175.163
3115.488
3119.921
3173.964
3074.528
3148.503
3158.957
3135.749
3158
3090.609
3150.553
3158.994
3129.692
3162.322
3122.851
3106.9
3139.928
3158.046
3169.606
3106.525
3165.142
3161.751
3062.703
3070.133
3101.116
3089.325
3135.864
3110.275
3130.883
3085.916
3115.755
3138.364
3124.062
3141.788
3133.843
3165.906
3137.771
3111.103
3119.611
3080.055
3168.427
3116.771
3130.283
3090.831
3157.304
3148.662
3058.286
3082.382
3056.362
3170.861
3161.538
3116.013
3093.873
3086.78
3146.323
3144.492
3160.761
3093.035
3147.514
3121.767
3054.857
3138.343
3097.728
3179.732
3149.915
3142.879
3173.386
3136.052
3065.13
3120.062
3066.488
3083.143
3100.262
3096.544
3103.216
3077.163
3066.126
3105.478
3095.771
3062.61
3114.515
3113.749
3065.618
3104.577
3102.479
3128.609
3082.674
3074.537
3112.522
3087.61
3054.204
3070.872
3102.142
3070.266
3103.445
3063.182
3154.299
3074.202
3104.694
3076.488
3085.296
3115.614
3093.018
3114.736
3142.3
3067.994
3125.913
3080.276
3082.331
3079.771
3141.559
3113.196
3091.494
3098.798
3125.703
3099.317
3112.6
3067.338
3095.295
3090.384
3071.403
3027.633
3112.164
3059.407
3078.841
3081.403
3134.464
3063.233
3084.776
3052.919
3049.075
3116.874
3055.299
3123.208
3012.981
3054.007
3104.606
3074.653
3065.488
3082.479
3106.954
3064.602
3083.575
3147.32
3057.905
3047.988
3117.957
3080.063
3059.463
3097.691
2996.432
3017.005
3100.528
3095.329
3079.471
3089.582
3121.623
3088.179
3101.551
3120.249
3127.551
3049.139
3090.088
3049.195
3065.971
3056.543
3081.911
3114.053
3083.007
3094.178
3072.637
3077.358
3099.84
3042.46
3068.536
3081.258
3044.388
2999.133
3051.876
3051.201
3045.064
3088.873
3074.429
3074.528
3073.166
3050.651
3038.794
3080.622
3021.352
3070.818
3085.236
3093.408
3007.583
3045.993
3127.413
3102.108
3064.754
3091.637
3106.565
3081.621
3059.542
3039.637
3086.109
3075.511
3123.53
3081.76
3087.752
3049.957
3042.838
3082.541
3052.3
3035.116
3091.634
3030.124
3092.958
3095.726
3066.327
3095.033
3033.316
3042.978
3103.182
3103.985
3100.354
3070.119
3056.486
3091.258
3058.029
3078.053
3039.032
3047.89
3089.624
3091.64
3054.705
3075.052
3039.217
3062.762
3107.661
3068.85
3058.86
3080.557
3040.163
3041.745
3069.967
3064.743
3126.316
3020.061
3072.246
3093.237
3037.392
3089.895
3032.084
3082.234
3104.094
3038.545
3030.75
3035.311
3049.294
3063.775
3071.587
3045.132
3060.374
3057.092
3083.214
3062.607
3080.168
3060.267
3027.965
3008.977
3064.915
3050.923
3063.261
3076.964
3089.712
3066.584
3088.074
3029.452
3080.946
3041.846
3065.838
3059.376
3099.737
3097.688
3084.279
3063.676
3065.322
3046.559
3035.68
3054.224
3089.601
3036.844
3033.69
3024.704
3014.214
3081.584
3069.854
3046.579
3043.755
3010.513
3039.404
3054.823
2992.822
3053.104
3034.473
3066.152
3050.131
3052.657
2995.867
3025.32
3047.407
3089.189
3117.468
3066.895
3098.318
3011.639
3080.194
3092.702
3080.126
3067.098
3082.058
3135.466
3033.232
3062.717
3048.336
3070.708
3100.822
3063.459
3015.777
3057.511
3058.911
3089.795
3051.224
3094.722
3128.836
3059.928
3022.317
3060.168
3057.351
3081.022
3028.238
3016.616
3098.724
3128.643
3088.919
3065.226
3134.519
3054.632
3039.25
3042.283
3066.553
3044.097
3091.269
3060.19
3044.094
3062.139
3086.49
3033.215
3096.975
3087.357
3046.868
3056.92
3038.984
3068.435
3078.608
3017.455
3080.469
3054.522
3071.972
3104.689
3020.475
3046.871
3090.563
3044.072
3040.356
3058.182
3102.722
3061.265
3094.477
3165.647
3017.38
3113.414
3100.111
3090.785
3010.294
3024.478
3048.968
3067.008
3060.086
3094.734
3107.913
3057.86
3056.65
3066.256
3062.029
3055.135
3053.338
3111.367
3050.634
3050.215
3020.909
3047.46
3024.52
3046.646
3047.491
3117.988
3071.7
3040.726
3056.65
3055.363
3133.982
2999.834
3124.543
2997.47
3123.746
3111.728
3056.883
3084.83
3131.347
3088.626
3019.299
3028.238
3081.468
3048.985
3074.202
3069.438
3040.465
3137.658
3104.832
3084.87
3110.296
3043.791
3110.553
3045.401
3094.018
3059.599
3106.433
3051.024
3054.097
3079.669
3101.693
3097.42
3111.522
3070.705
3102.959
3118.634
3058.255
3027.168
2965.375
3090.953
3052.789
3112.494
3113.119
3106.17
3083.404
3059.517
3081.763
3051.724
3140.2
3095.292
3074.769
3103.311
3124.992
2992.742
3128.479
3123.751
3147.523
3102.688
3138.751
3105.864
3080.027
3113.623
3108.368
3072.108
3108.909
3163.612
3087.818
3145.564
3146.108
3129.004
3121.215
3135.226
3109.565
3071.228
3113.09
3100.876
3132.96
3098.515
3141.713
3132.839
3122.632
3123.024
3130.627
3062.449
3145.949
3141.747
3140.943
3065.248
3115.032
3070.973
3105.67
3096.766
3173.427
3160.391
3157.758
3129.77
3184.089
3130.001
3128.09
3160.263
3157.092
3110.095
3090.327
3107.203
3090.082
3089.499
3127.929
3166.991
3159.14
3098.487
3188.817
3085.623
3151.044
3165.218
3215.535
3228.477
3133.39
3143.313
3133.505
3164.387
3205.744
3118.166
3144.081
3118.643
3115.161
3122.615
3133.938
3142.821
3163.003
3138.43
3139.639
3121.002
3161.431
3181.223
3240.267
3177.808
3193.785
3187.769
3180.001
3144.416
3175.64
3275.965
3183.937
3217.129
3168.885
3223.663
3218.012
3145.277
3199.402
3187.158
3249.024
3168.012
3187.358
3238.403
3161.824
3197.237
3202.796
3219.737
2933.208
2821.939
2074.839
3167.192
2906.396
3228.816
3176.196
3237.436
3228.263
3249.685
3215.846
3148.378
3236.333
3214.635
3195.388
3276.273
3223.779
3178.057
3257.608
3192.788
3224.738
3219.693
3214.975
3273.178
3285.589
3226.491
3257.749
3249.14
3280.183
3316.192
3266.198
3194.694
3227.787
3296.51
3313.224
3304.155
3311.428
3303.489
3348.985
3275.953
3288.362
3228.411
3284.969
3256.567
3245.064
3310.065
3306.39
3326.127
3246.427
3262.412
3316.363
3351.247
3297.904
3322.591
3290.062
3348.011
3257.329
3353.609
3278.449
3310.741
3301.494
3315.199
3330.989
3321.073
3337.586
3312.379
3330.618
3300.366
3304.749
3314.552
3301.129
3446.768
3377.4
3394.117
3388.589
3422.527
3397.971
3378.987
3405.34
3410.227
3391.165
3355.961
3428.067
3462.062
3393.68
3388.788
3393.07
3384.886
3421.761
3417.106
3417.499
3451.87
3423.961
3374.788
3439.699
3420.173
3373.041
3433.891
3417.194
3394.521
3442.818
3464.381
3408.726
3429.835
3448.495
3379.846
3377.49
3413.485
3501.08
3447.473
3365.652
3395.371
3445.959
3423.548
3431.292
3458.798
3483.242
3411.747
3444.321
3492.748
3442.77
3426.937
3437.014
3444.42
3447.413
3599.685
3534.393
3544.685
3515.9
3524.93
3533.212
3499.646
3499.304
3577.306
3523.638
3522.674
3523.018
3565.303
3506.812
3513.611
3492.333
3575.56
3550.155
3533.257
3567.149
3538.468
3550.534
3556.589
3520.157
3592.054
3550.593
3517.001
3537.086
3558.889
3572.614
3572.788
3537.774
3543.983
3522.765
3518.443
3628.271
3566.167
3566.531
3570.456
3589.964
3563.12
3575.283
3539.596
3594.94
3623.839
3588.774
3563.383
3574.885
3613.78
3582.73
3581.691
3621.7
3535.946
3620.106
3702.703
3718.554
3679.639
3685.629
3700.098
3793.828
3750.307
3699.962
3698.858
3749.095
3721.517
3746.806
3720.27
3732.715
3762.354
3692.353
3766.404
3665.227
3698.173
3747.704
3746.461
3767.167
3744.374
3743.023
3746.979
3752.529
3746.658
3772.135
3771.701
3814.743
3729.306
3765.852
3772.128
3744.157
3773.974
3769.989
3790.234
3767.431
3737.339
3744.257
3822.107
3754.451
3781.075
3752.705
3800.337
3701.373
3781.552
3738.051
3820.72
3762.254
3826.788
3767.927
3793.43
3798.206
3773.028
3767.431
3944.646
3842.625
3937.209
3874.9
3956.574
3916.64
3900.092
3974.236
3924.747
3924.367
3859.957
3912.076
3906.272
3910.203
3935.65
3903.046
3943.328
3942.561
3914.855
3904.081
3929.435
3917.737
3909.288
3895.978
3933.798
3937.02
3939.763
3955.047
3984.465
3990.488
3935.48
3941.349
3953.088
3945.173
3966.367
3918.693
3960.595
3944.203
3872.737
3917.34
4000.181
3966.21
3913.449
3943.803
3972.403
3919.707
3981.556
3995.159
3872.98
3979.049
3885.696
3959.093
4036.718
3935.65
4165.517
4141.267
4056.7
4070.851
4083.559
4115.764
4117.311
4136.277
4106.805
4130.297
4156.755
4140.276
4159.31
4156.572
4143.308
4162.165
4186.27
4126.012
4112.232
4163.53
4127.703
4110.214
4177.739
4094.971
4111.059
4157.069
4108.481
4159.93
4132.496
4112.941
4111.789
4168.583
4149.281
4143.278
4062.926
4168.103
4236.024
4164.711
4193.12
4121.238
4166.568
4118.403
4111.206
4139.864
4149.09
4173.216
4175
4189.109
4116.041
4148.597
4189.545
4170.019
4158.701
4207.433
4360.148
4323.104
4298.911
4317.378
4380.75
4326.41
4338.824
4349.447
4339.284
4362.976
4320.644
4382.925
4406.564
4360.474
4386.847
4304.708
4380.1
4317.875
4327.904
4404.073
4238.628
4294.898
4362.687
4361.189
4303.431
4388.884
4421.887
4451.267
4376.697
4449.64
4315.672
4382.643
4370.067
4370.602
4405.48
4372.966
4440.015
4394.757
4465.298
4379.314
4389.07
4424.816
4411.201
4417.532
4379.737
4378.894
4464.295
4418.52
4369.97
4423.834
4394.401
4437.444
4352.056
4494.296
4561.773
4535.814
4516.642
4544.433
4543.349
4504.702
4585.557
4587.039
4593.698
4489.799
4555.152
4547.472
4557.46
4586.207
4623.662
4578.437
4508.604
4589.309
4579.466
4533.095
4560.445
4556.914
4554.544
4595.569
4512.879
4625.127
4546.187
4598.537
4523.399
4574.997
4599.477
4646.767
4579.373
4632.699
4549.211
4592.306
4671.716
4613.291
4587.293
4618.703
4647.661
4615.671
4615.65
4655.386
4569.914
4626.022
4526.445
4608.717
4570.617
4575.335
4683.814
4747.661
4775.742
4771.433
4705.39
4747.783
4701.691
4749.904
4777.709
4804.255
4701.518
4751.751
4744.273
4759.144
4822.565
4748.496
4764.442
4812.86
4734.552
4760.201
4762.705
4726.848
4794.888
4832.079
4712.312
4796.549
4716.681
4780.372
4738.906
4753.108
4711.093
4807.504
4856.056
4786.645
4726.7
4773.473
4766.457
4754.934
4776.16
4738.897
4695.779
4746.581
4778.303
4814.323
4721.701
4785.579
4742.831
4825.404
4814.944
4764.929
4732.891
4763.271
4831.732
4903.273
4801.49
4786.963
4774.876
4890.014
4872.449
4933.311
4842.05
4849.963
4937.934
4929.037
4910.436
4945.389
4916.423
4773.064
4871.968
4950.726
4856.709
4957.15
4862.599
4827.804
4924.721
4844.624
4955.292
4881.234
4908.587
4873.351
4842.946
4906.937
4959.493
4900.438
4948.483
4917.093
4989.227
4874.962
4905.242
4931.139
4957.739
4906.458
4933.333
4860.432
4931.689
4981.316
4943.048
4977.702
4890.099
4996.668
4947.667
4858.234
4995.517
4918.072
4935.397
4938.825
4979.967
4887.28
4999.867
4879.463
5017.106
5004.981
4975.611
5027.917
5015.383
5009.658
4987.21
5013.161
4974.86
5036.347
4963.601
5021.031
4989.691
5031.354
4965.366
4989.544
4997.952
4952.468
4994.372
5006.498
5045.285
5045.247
4995.715
5039.804
5039.526
4993.571
4966.569
4972.702
5019.777
4993.36
4939.799
5053.647
4971.022
5049.734
5057.25
5021.262
5033.579
5039.716
5065.735
5043.877
5097.632
5047.669
4991.502
5099.083
5062.013
4977.509
5033.755
5036.097
5060.992
4997.367
5022.094
5124.408
4967.864
5018.391
5038.045
4952.267
5075.061
5037.349
5053.549
5053.279
5014.805
5058.792
5039.888
5096.82
5029.806
5053.456
5073.645
5088.644
5023.894
5074.841
5061.318
5078.011
5126.98
5051.552
5072.379
5107.67
5107.402
5049.25
5069.455
5021.558
5070.137
5058.07
5087.51
5092.085
5055.071
5037.219
5015.249
5045.856
4854.665
5095.702
5090.402
5057.325
5013.54
4967.745
5077.193
5011.845
5061.705
5064.648
5047.511
5111.807
5073.883
5066.677
5018.247
5101.333
5142.402
5094.98
5079.812
5042.186
5043.849
5029.816
5089.314
5017.351
5062.279
5071.178
5100.811
5075.524
5020.799
4965.375
5039.201
5068.61
5129.815
5081.38
5058.14
5118.705
5085.252
5054.28
5084.385
4879.553
5097.951
5103.151
5128.969
4977.871
5031.766
5030.733
5028.204
5040.087
5005.216
5062.517
4958.342
5013.286
5080.982
5051.808
5085.449
5046.795
5087.833
5035.981
5076.58
5026.583
5003.88
5095.787
5061.193
5082.672
5033.991
5033.389
5057.176
5102.893
4998.509
5037.883
5044.434
5109.863
4958.84
5004.036
5094.177
5057.511
5021.035
4966.445
5077.085
5068.657
5076.926
5082.007
5077.745
5071.851
5101.314
5045.238
5081.366
5046.088
5062.964
5007.088
4928.365
5028.028
4990.472
5010.871
4998.394
5026.676
5000.176
5027.393
5017.476
5067.438
5030.538
4988.892
4996.511
4993.949
5049.348
4931.948
5030.585
4991.019
4963.875
4965.585
4958.077
5058.904
4980.16
4989.374
5052.246
4923.896
5008.767
4958.442
5034.501
4938.138
5042.191
5046.005
5010.862
4929.795
5085.289
4968.719
4958.556
4919.277
4997.869
4851.308
4908.849
4897.829
4938.184
4930.376
4977.262
4921.194
5000.355
4968.916
4886.457
4931.312
4936.156
4991.865
4899.061
4889.725
4997.878
4998.334
4833.953
4962.518
5019.421
5026.018
4953.868
4983.472
4971.855
4983.293
4988.694
5036.51
4959.182
5017.799
4872.794
5046.767
4886.493
4963.487
4987.578
4901.566
4974.887
4969.603
4940.472
4871.722
4852.001
4927.698
4941.851
4865.672
4895.547
4879.459
4937.424
4945.375
4876.327
4937.152
4982.302
4852.796
4921.031
4832.066
4915.803
4846.092
4954.521
4862.724
4947.476
4811.633
4885.192
4873.117
4942.834
4825.035
4887.969
4885.656
4923.247
4951.291
4941.756
4888.78
4923.624
4948.173
4834.14
4824.346
4746.231
4818.764
4786.412
4832.769
4803.224
4882.808
4813.437
4843.647
4801.619
4870.187
4811.083
4820.62
4807.42
4802.485
4737.178
4804.344
4830.464
4778.36
4851.746
4859.062
4750.372
4837.031
4829.374
4810.126
4819.119
4883.928
4895.142
4884.355
4833.254
4848.297
4816.532
4869.407
4807.779
4843.504
4831.803
4797.34
4802.437
4822.871
4817.544
4834.123
4748.373
4770.243
4692.882
4701.825
4760.981
4785.345
4825.453
4763.073
4726.866
4717.984
4740.281
4740.617
4761.564
4766.229
4790.134
4856.329
4773.556
4675.987
4756.235
4773.007
4789.896
4775.399
4816.035
4764.381
4800.885
4813.286
4758.285
4806.897
4778.171
4749.253
4771.302
4779.469
4755.836
4820.713
4796.032
4788.162
4763.758
4831.959
4799.735
4834.038
4763.617
4824.902
4684.414
4717.836
4638.505
4711.279
4701.933
4732.367
4668.555
4657.247
4682.106
4718.371
4661.032
4681.369
4697.657
4685.834
4755.258
4734.438
4743.954
4714.192
4675.052
4704.394
4714.201
4680.782
4706.903
4712.863
4729.505
4632.912
4693.457
4725.838
4780.103
4721.788
4687.474
4776.635
4727.554
4704.524
4686.123
4737.147
4729.871
4764.973
4701.102
4674.647
4663.518
4595.878
4572.967
4637.015
4628.805
4602.541
4591.067
4576.211
4623.496
4681.83
4642.348
4580.293
4624.394
4574.837
4656.861
4588.51
4646.595
4666.354
4677.981
4582.044
4662.371
4578.846
4589.989
4550.812
4596.534
4624.905
4687.021
4605.861
4592.454
4712.529
4606.124
4595.26
4630.553
4613.389
4631.756
4621.912
4676.189
4579.007
4658.002
4590.653
4534.073
4562.681
4530.883
4558.354
4572.832
4525.811
4597.381
4482.023
4505.32
4549.55
4554.187
4522.245
4600.918
4528.576
4598.401
4555.538
4623.951
4551.013
4595.56
4558.967
4583.403
4610.246
4606.837
4610.258
4548.344
4574.871
4557.859
4543.943
4558.262
4548.486
4592.7
4537.979
4550.074
4595.031
4547.967
4573.093
4558.022
4554.556
4529.59
4577.994
4486.963
4509.688
4542.499
4482.865
4416.864
4500.998
4489.964
4412.782
4503.59
4458.949
4501.591
4460.074
4481.3
4487.669
4489.943
4471.163
4487.463
4543.855
4532.983
4484.203
4527.196
4454.282
4503.304
4450.673
4465.533
4454.421
4489.923
4467.577
4541.19
4532.344
4497.704
4499.457
4535.676
4510.053
4478.119
4485.025
4442.019
4568.761
4399.293
4504.312
4447.399
4494.085
4371.427
4439.471
4432.579
4425.725
4408.5
4422.25
4401.712
4413.904
4379.927
4432.122
4434.935
4411.486
4419.949
4393.632
4421.301
4383.971
4450.419
4408.24
4382.764
4474.635
4393.935
4473.214
4458.949
4400.898
4467.371
4373.908
4433.665
4503.005
4445.29
4533.688
4450.357
4436.075
4390.792
4414.579
4441.938
4446.735
4383.846
4284.097
4337.314
4408.853
4389.688
4348.41
4396.372
4356.303
4302.845
4349.607
4315.04
4325.601
4351.346
4382.102
4357.551
4332.048
4339.084
4348.63
4355.336
4342.01
4381.21
4278.84
4374.424
4385.768
4351.94
4377.084
4350.705
4371.757
4352.958
4349.499
4364.262
4330.743
4436.455
4313.868
4362.157
4351.21
4328.223
4413.034
4367.874
4376.177
4404.876
4413.831
4344.379
4254.276
4253.684
4238.362
4317.243
4298.871
4257.702
4280.216
4311.294
4266.872
4273.074
4374.311
4304.49
4321.38
4321.909
4369.467
4362.378
4352.3
4291.165
4266.46
4314.71
4295.943
4271.217
4324.39
4316.408
4264.668
4316.801
4315.14
4322.594
4332.539
4335.453
4277.65
4291.343
4371.995
4305.711
4312.938
4257.369
4256.733
4311.552
4316.356
4226.92
4220.358
4297.494
4210.151
4238.101
4171.575
4226.134
4279.226
4257.6
4235.697
4253.073
4235.194
4214.714
4235.58
4287.487
4140.924
4294.538
4220.381
4311.842
4230.511
4260.88
4291.565
4256.585
4246.411
4235.915
4233.138
4252.772
4207.1
4250.289
4214.954
4235.096
4202.65
4301.089
4210.19
4263.718
4292.608
4237.761
4242.365
4255.252
4190.108
4111.494
4177.211
4142.671
4198.379
4137.26
4190.313
4171.494
4167.585
4221.827
4170.526
4185.148
4158.333
4196.435
4170.465
4177.092
4200.797
4224.484
4224.06
4207.476
4171.978
4176.707
4206.496
4231.825
4245.309
4158.05
4179.101
4237.047
4181.896
4223.309
4158.486
4217.56
4210.387
4232.939
4223.515
4322.913
4251.131
4167.892
4216.049
4189.437
4219.374
4248.113
4152.152
4156.552
4106.551
4164.83
4092.147
4152.248
4164.316
4068.123
4139.204
4086.212
4104.914
4105.027
4085.756
4077.17
4094.994
4118.809
4150.401
4136.815
4166.43
4121.196
4099.602
4125.624
4102.351
4098.035
4196.782
4120.171
4098.326
4167.42
4182.1
4143.595
4179.501
4053.577
4082.548
4156.51
4090.101
4191.726
4122.373
4054.089
3985.647
4080.672
4024.434
4061.964
4086.208
4112.793
4170.787
4033.693
4064.969
4059.054
4109.635
4063.936
4070.837
4047.601
4071.226
4088.832
4125.301
4077.967
4049.558
4034.774
4092.204
4046.933
4093.361
4082.946
4096.624
4111.502
4049.349
4091.797
4066.842
4049.655
4123.037
4033.455
3999.411
4032.906
4030.429
4055.064
4133.962
4077.617
4127.391
4134.758
4069.731
4059.682
4063.229
3977.935
4038.831
4081.375
3989.441
4018.19
4017.923
3998.616
3983.097
4017.187
4003.192
3990.4
3980.874
4018.538
3933.925
3966.926
3995.424
4017.605
4002.89
3993.838
4055.332
3973.16
4042.456
4006.335
4046.374
3921.694
4000.17
4053.402
3998.13
4002.927
3998.03
3995.42
4011.471
3993.801
4054.765
3998.034
4053.936
3968.906
3988.074
4017.376
3995.31
3978.495
4040.944
3917.553
3947.939
3974.822
3953.259
4003.771
3872.349
3916.279
3979.1
3969.363
4030.622
3963.208
3937.706
3998.339
3971.89
3957.554
4009.639
3916.59
3821.09
3953.641
3978.246
3966.173
3952.942
3992.613
3929.757
3938.954
3956.672
3933.816
3959.443
3979.03
4037.399
3959.129
4014.014
3904.189
3906.239
3896.875
3903.502
3856.926
3980.577
3902.837
3893.736
3858.07
3921.015
3902.025
3914.408
3982.627
3926.652
3927.419
3879.07
3897.155
3860.067
3928.432
3915.76
3941.926
3870.812
3914.336
3900.433
3941.135
3936.578
3896.43
3847.513
3841.433
3859.673
3956.679
3927.499
3884.569
3911.975
3910.667
3916.056
3904.653
3916.424
3877.442
3859.58
3856.638
3890.391
3916.781
3878.888
3880.761
3882.512
3861.141
3841.985
3831.253
3853.272
3811.8
3818.814
3881.068
3879.231
3852.122
3865.998
3886.917
3805.387
3900.512
3866.216
3853.382
3935.298
3888.718
3853.222
3892.176
3697.724
3808.659
3920.975
3850.92
3848.363
3901.062
3897.008
3922.568
3862.311
3873.726
3860.01
3830.272
3836.91
3618.179
3796.901
3842.87
3824.618
3800.449
3763.869
3806.113
3775.834
3821.104
3836.172
3839.848
3801.065
3825.094
3783.897
3811.652
3781.796
3794.981
3805.233
3832.238
3840.51
3855.231
3801.061
3807.417
3816.465
3812.274
3774.679
3768.083
3856.457
3788.615
3782.625
3823.096
3832.439
3786.02
3716.705
3809.995
3805.563
3780.437
3829.063
3774.829
3724.48
3802.091
3732.334
3768.333
3758.181
3743.274
3759.971
3752.633
3731.193
3726.065
3775.948
3750.283
3770.03
3779.452
3786.354
3767.798
3835.868
3781.259
3761.079
3802.661
3784.705
3810.318
3741.723
3801.233
3740.448
3778.29
3783.851
3797.523
3801.376
3743.819
3773.487
3726.168
3782.52
3791.212
3793.636
3788.186
3790.58
3691.711
3683.189
3670.294
3774.412
3660.952
3738.192
3688.852
3760.701
3698.5
3697.979
3719.739
3658.428
3752.059
3703.245
3706.258
3716.472
3651.247
3688.496
3679.053
3671.471
3739.649
3733.932
3689.253
3743.412
3700.402
3734.524
3686.699
3723.232
3742.619
3755.637
3650.424
3750.953
3713.057
3681.639
3679.267
3726.975
3756.506
3659.614
3559.656
3718.283
3664.127
3627.9
3679.589
3648.262
3635.837
3724.305
3699.614
3646.549
3638.977
3675.978
3686.977
3667.793
3693.792
3722.556
3689.824
3696.671
3682.043
3686.278
3677.623
3655.187
3701.625
3638.377
3652.6
3685.466
3703.487
3599.118
3746.831
3713.133
3664.602
3653.138
3718.119
3654.851
3634.917
3731.182
3648.79
3632.701
3717.773
3709.301
3699.778
3611.194
3569.413
3608.119
3604.465
3612.854
3609.844
3621.303
3614.808
3604.592
3617.849
3641.169
3657.417
3625.037
3629.701
3582.604
3612.345
3629.724
3615.348
3603.363
3614.039
3655.46
3657.831
3587.29
3644.944
3573.476
3586.639
3626.667
3626.042
3622.207
3575.132
3585.047
3555.472
3672.052
3650.255
3616.343
3638.223
3577.108
3601.728
3578.136
3578.153
3558.388
3583.218
3599.36
3523.034
3614.765
3547.772
3608.272
3568.881
3617.626
3609.316
3625.985
3601.187
3573.854
3556.219
3564.312
3549.697
3521.6
3586.53
3604.98
3567.872
3509.167
3612.611
3564.755
3601.22
3540.809
3591.389
3605.97
3573.012
3603.314
3609.525
3566.824
3570.824
3539.537
3604.648
3596.288
3587.405
3564.929
3620.262
3590.013
3589.521
3633.32
3512.336
3566.709
3560.601
3538.67
3517.995
3502.79
3539.752
3552.621
3554.575
3566.666
3487.695
3508.724
3537.666
3532.327
3524.462
3476.928
3597.431
3524.011
3542.825
3593.728
3545.72
3596.917
3528.538
3535.552
3559.751
3508.098
3507.92
3500.854
3500.661
3521.467
3532.649
3539.804
3523.469
3523.901
3553.75
3510.738
3521.24
3550.903
3509.245
3618.176
3504.991
3467.669
3503.429
3491.555
3489.295
3466.36
3525.413
3486.185
3495.078
3513.701
3500.99
3503.935
3448.505
3511.408
3491.188
3540.303
3485.716
3519.856
3483.736
3469.001
3538.061
3485.065
3512.718
3461.166
3611.035
3543.605
3545.08
3490.404
3511.411
3486.233
3521.454
3460.758
3453.556
3492.986
3529.299
3507.122
3464.901
3502.528
3474.645
3519.898
3490.809
3537.073
3448.016
3471.386
3402.283
3462.056
3416.675
3489.748
3468.337
3434.488
3509.852
3486.725
3471.907
3433.372
3481.052
3457.241
3499.591
3497.181
3480.773
3439.943
3402.377
3464.585
3418.371
3490.114
3457.531
3451.444
3406.058
3494.061
3408.541
3482.754
3478.472
3520.974
3450.977
3487.476
3423.857
3528.116
3473.029
3512.233
3502.515
3519.716
3434.514
3525.137
3460.041
3479.51
3464.1
3420.362
3461.15
3459.92
3444.223
3440.409
3455.315
3460.162
3390.534
3430.552
3454.628
3414.636
3385.812
3397.092
3425.51
3444.588
3402.333
3433.562
3413.001
3454.09
3417.112
3416.587
3501.064
3455.948
3466.031
3439.519
3460.245
3438.157
3440.757
3401.816
3452.9
3427.031
3488.588
3446.793
3468.985
3461.574
3404.7
3438.888
3495.239
3361.294
3336.353
3395.496
3356.019
3399.837
3384.839
3349.282
3402.512
3359.446
3465.367
3383.091
3363.319
3361.569
3381.013
3413.228
3386.773
3403.446
3406.491
3416.949
3444.271
3391.48
3449.29
3381.832
3381.82
3402.559
3348.236
3424.564
3420.236
3387.693
3407.003
3372.877
3383.471
3378.762
3427.612
3398.03
3386.67
3430.145
3389.519
3374.207
3441.876
3382.829
3332.183
3377.089
3350.8
3361.557
3308.132
3373.368
3359.319
3323.166
3343.666
3403.596
3315.007
3409.256
3349.494
3375.605
3358.836
3327.414
3311.983
3342.249
3347.727
3382.374
3403.02
3368.229
3350.722
3359.369
3415.718
3343.515
3340.788
3351.102
3347.243
3333.365
3350.349
3398.641
3349.158
3404.418
3357.482
3420.715
3354.428
3378.598
3322.661
3386.14
3326.614
3307.59
3277.353
3301.229
3355.961
3321.413
3364.661
3371.33
3318.288
3322.842
3309.72
3361.572
3313.276
3349.306
3346.044
3328.585
3357.219
3352.621
3312.584
3328.392
3364.884
3314.198
3308.154
3324.458
3308.928
3293.436
3385.531
3328.625
3343.241
3331.833
3361.068
3327.757
3351.405
3290.886
3381.913
3266.847
3379.323
3307.706
3253.626
3239.256
3306.238
3274.173
3290.119
3314.845
3287.536
3349.769
3304.511
3265.773
3334.556
3296.134
3330.351
3316.531
3270.716
3336.87
3296.252
3256.603
3315.233
3256.672
3347.431
3306.545
3347.814
3298.594
3293.746
3319.933
3318.291
3276.894
3278.235
3097.833
3302.333
3355.055
3241.136
3264.351
3350.704
3287.296
3256.528
3282.924
3261.373
3279.63
3273.311
3221.488
3261.322
3271.924
3260.976
3248.841
3237.824
3365.147
3230.83
3285.514
3204.18
3360.04
3234.748
3255.506
3237.362
3290.935
3316.054
3212.359
3278.954
3259.214
3264.952
3339.542
3246.397
3284.582
3222.253
3290.316
3239.692
3278.023
3247.453
3274.84
3250.251
3248.111
3344.291
3256.411
3280.177
3251.359
3204.215
3266.146
3259.562
3268.428
3221.393
3242.512
3220.108
3273.205
3194.788
3188.286
3201.74
3313.539
3215.654
3237.991
3234.367
3219.948
3251.544
3188.674
3252.287
3278.19
3229.274
3242.044
3246.337
3255.377
3302.208
3243.223
3285.731
3268.915
3263.377
3235.019
3227.115
3236.131
3268.801
3205.936
3209.236
3187.417
3200.396
3243.465
3249.449
3230.931
3321.196
3224.008
3182.975
3208.852
3219.109
3259.985
3221.146
3177.331
3251.164
3258.115
3240.342
3181.475
3205.257
3209.517
3220.268
3191.183
3250.026
3206.976
3252.335
3169.235
3244.917
3176.482
3189.992
3195.756
3182.978
3202.362
3293.791
3175.087
3205.78
3239.721
3220.319
3196.277
3229.244
3162.336
3199.523
3199.992
3217.221
3232.717
3220.251
3224.251
3199.332
3246.11
3185.844
3149.393
3200.555
3145.595
3214.78
3195.2
3157.054
3132.325
3219.883
3250.796
3156.112
3206.332
3185.521
3191.741
3178.402
3190.013
3204.882
3197.414
3179.196
3211.193
3163.612
3208.488
3176.465
3175.076
3203.404
3193.511
3220.363
3245.629
3195.633
3185.638
3192.611
3200.549
3187.208
3184.459
3219.803
3209.901
3205.691
3216.116
3114.036
3203.952
3233.777
3175.792
3208.704
3158.77
3150.968
3145.584
3104.86
3166.875
3192.241
3151.807
3127.376
3136.298
3134.1
3147.039
3145.876
3193.894
3161.669
3121.52
3189.799
3171.659
3199.414
3129.643
3177.158
3162.799
3125.377
3178.452
3160.377
3183.447
3201.401
3148.717
3167.82
3152.832
3188.221
3149.706
3218.338
3140.064
3190.363
3165.935
3159.117
3170.765
3204.649
3077.098
3128.534
3116.779
3147.923
3141.904
3178.871
3092.315
3164.498
3082.328
3185.946
3144.298
3098.495
3119.72
3164.679
3139.303
3177.076
3160.77
3164.047
3148.868
3144.451
3133.598
3149.294
3162.004
3133.396
3162.363
3199.889
3172.249
3154.375
3153.642
3102.405
3128.6
3216
3123.377
3077.752
3167.292
3120.729
3083.938
3144.327
3178.481
3105.99
3095.218
3095.84
3147.305
3105.023
3153.265
3078.407
3073.54
3112.774
3086.22
3078.849
3120.154
3111.851
3138.141
3063.535
3100.674
3152.655
3071.751
3066.931
3130.929
3165.119
3102.159
3146.76
3134.888
3080.483
3109.296
3138.962
3101.319
3149.692
3137.725
3155.072
3121.471
3092.05
3154.116
3113.904
3160.802
3210.626
3132.256
3124.284
3067.2
3071.859
3085.083
3067.211
3115.35
3032.067
3099.806
3084.765
3062.852
3088.008
3109.892
3137.913
3120.114
3062.189
3054.862
3137.06
3126.33
3109.385
3077.718
3108.726
3131.685
3159.114
3058.934
3152.272
3121.775
3126.071
3129.943
3135.824
3099.768
3152.957
3088.643
3115.086
3116.607
3121.267
3078.946
3120.821
3097.055
3107.607
3116.429
3076.641
3123.216
3056.075
3088.307
3089.209
3010.532
3073.554
3063.673
3074.083
3058.156
3084.992
3032.213
3100.862
3112.958
3018.603
3065.048
3055.076
3126.114
3102.659
3116.188
3103.385
3073.254
3109.247
3090.848
3072.102
3059.494
3097.859
3064.365
3054.055
3126.975
3120.623
3102.733
3059.621
3116.297
3121.039
3104.537
3088.059
3106.119
3114.616
3019.421
3097.916
3045.614
3113.09
3091.588
3001.564
3083.061
3088.751
3041.334
3084.151
3016.544
3038.027
3099.58
3079.306
3112.021
3045.294
3042.065
3075.995
3064.983
3059.238
3051.19
3044.229
3082.098
3030.06
3088.964
3045.322
3083.444
3141.817
3111.075
2999.497
2996.206
3016.708
3070.572
3063.126
3066.44
3037.538
3127.433
3042.841
3063.924
3073.387
3108.477
3080.305
3084.972
3040.647
3091.309
3098.981
3066.496
3060.117
3028.992
3024.606
3078.28
3098.904
3081.389
3040.986
3004.325
3048.656
3058.398
3095.418
3033.989
3061.586
2987.149
3056.312
2997.431
3006.071
3107.532
3045.23
3015.808
3132.351
3045.603
3006.093
3070.948
3050.583
3072.858
3035.68
3097.848
3051.834
3057.368
3061.14
3068.028
3057.948
3070.498
3077.276
3096.535
3032.352
3064.828
3073.857
3145.85
3052.252
3083.859
3091.119
3035.51
3051.881
3079.02
3003.315
3043.029
3082.053
3071.879
3040.675
3076.627
3024.066
3103.153
3069.342
3076.93
3003.965
3048.37
3018.957
2976.929
3089.553
3027.471
3051.412
3065.045
3048.117
3005.147
3052.137
3031.207
3069.124
3034.35
3022.93
3023.999
3027.591
3010.79
3038.758
3131.584
3037.675
3078.555
3120.603
3062.122
3073.396
3042.177
3043.741
3091.17
3159.786
3080.16
2998.08
3035.851
2999.517
3023.088
3014.028
3054.207
3028.16
3017.65
3072.198
3068.132
3026.376
3018.431
3051.699
3057.537
3116.182
3073.418
3026.471
3059.649
3065.107
3069.486
3026.089
3040.617
3072.102
3098.735
3096.724
3010.014
3037.101
3044.582
3065.265
3081.661
3123.513
3093.277
3014.544
3041.496
3047.528
3084.52
3038.005
3042.283
3073.5
3073.577
3038.17
3033.098
3091.998
3072.026
3019.741
3022.629
2994.222
3101.268
3058.965
3092.776
3058.838
3060.269
3027.853
3086.658
3072.116
3043.965
3058.542
3112.081
3080.256
3090.518
3088.583
3056.239
3095.663
3065.965
3063.109
3083.952
3026.682
3089.385
3085.2
3080.37
3065.44
3071.576
3088.944
3035.032
3081.178
3094.092
3067.522
3098.455
3024.712
3070.959
3131.085
3109.531
3098.875
3103.416
3050.971
3083.268
3099.275
3078.858
3138.234
3041.787
3098.918
3124.589
3073.059
3123.708
3106.854
3152.106
3080.271
3099.894
3107.363
2921.536
3146.328
3104.057
3092.195
3071.024
3131.189
3048.336
3100.716
3160.912
3120.171
3092.559
3049.468
3117.735
3018.687
3093.548
3114.174
3131.425
3099.828
3117.109
3103.84
3088.574
3136.404
3108.775
3175.16
3138.604
3116.785
3088.901
3073.39
3099.848
3115.993
3101.393
3159.617
3186.935
3185.313
3102.636
3125.573
3142.688
3122.532
3087.542
3157.621
3125.36
3128.09
3174.192
3152.019
3117.015
3156.673
3101.393
3154.63
3115.255
3187.156
3152.17
3129.119
3160.092
3127.785
3176.632
3151.056
3146.549
3132.853
3081.255
3146.923
3139.939
3200.413
3206.798
3111.892
3232.109
3205.892
3193.941
3235.466
3212.717
3171.443
3203.1
3213.078
3197.028
3178.634
3196.807
3168.187
3242.387
3226.53
3200.348
3208.228
3237.97
3236.873
3160.473
3178.259
3215.331
3192.464
3193.138
3265.93
3211.877
3188.703
3211.525
3227.894
3199.644
3220.259
3234.093
3185.935
3242.895
3198.893
3123.935
3198.972
3213.868
3224.453
3216.741
3217.034
3256.84
3274.994
3300.572
3313.826
3288.199
3273.009
3210.002
3330.404
3288.159
3312.95
3317.096
3296.92
3269.271
3271.234
3289.162
3303.93
3282.099
3266.071
3283.181
3333.635
3285.892
3315.551
3280.328
3372.591
3295.976
3287.539
3280.742
3282.09
3278.866
3308.093
3307.106
3280.82
3268.698
3318.881
3341.852
3349.171
3326.627
3303.805
3314.183
3287.13
3282.377
3313.548
3343.626
3353.798
3387.481
3375.151
3358.57
3370.65
3360.136
3381.53
3406.366
3393.674
3440.288
3388.957
3414.231
3422.372
3404.819
3413.856
3428.183
3417.635
3422.243
3390.952
3434.008
3402.973
3411.606
3362.752
3423.545
3428.247
3461.447
3407.009
3434.318
3423.293
3439.918
3408.547
3425.864
3445.01
3415.127
3411.006
3399.229
3451.381
3426.286
3427.776
3430.612
3436.95
3510.628
3495.828
3518.374
3547.915
3522.898
3561.07
3534.979
3493.166
3536.49
3550.753
3584.918
3573.956
3604.316
3506.628
3527.651
3608.864
3595.602
3557.431
3555.108
3577.784
3559.325
3571.584
3595.301
3529.133
3556.418
3609.09
3511.201
3541.203
3599.317
3538.849
3582.773
3623.555
3544.127
3600.036
3596.152
3579.896
3596.579
3619.856
3586.837
3590.86
3629.758
3692.231
3699.148
3670.115
3711.303
3731.828
3789.557
3799.647
3658.569
3716.684
3686.346
3735.023
3697.427
3673.703
3718.026
3766.924
3712.958
3660.281
3708.344
3730.873
3714.528
3752.937
3769.208
3796.006
3712.035
3774.572
3753.528
3805.461
3839.983
3731.687
3792.361
3787.457
3748.26
3763.851
3765.034
3810.957
3776.265
3727.318
3745.268
3770.895
3784.465
3801.369
3925.521
3910.282
3904.491
3885.228
3901.569
3906.211
3929.652
3923.952
3966.378
3906.977
3919.87
3958.196
3934.541
3927.987
3853.673
3907.348
3930.835
3921.737
3933.726
3941.832
3931.252
3909.673
3891.387
3865.614
3941.302
3899.42
3949.078
3904.642
3971.06
3900.444
3955.24
3904.603
3938.779
3901.482
3974.803
3928.027
3987.759
3916.99
3917.997
3928.002
3974.899
3999.102
3976.199
3987.483
3985.904
4164.331
4064.902
4146.863
4050.002
4134.579
4167.881
4169.078
4121.101
4181.315
4188.584
4163.748
4134.788
4108.488
4146.527
4111.528
4111.494
4093.783
4199.439
4085.768
4133.075
4126.114
4105.659
4160.264
4176.254
4190.799
4176.615
4165.294
4122.369
4157.536
4131.773
4113.839
4170.085
4147.623
4146.213
4190.201
4135.607
4244.065
4186.529
4159.455
4359.735
4303.399
4371.48
4326.8
4336.044
4307.301
4355.673
4366.426
4386.572
4369.181
4351.378
4346.712
4424.054
4349.463
4357.386
4406.069
4378.322
4390.303
4393.425
4371.927
4378.418
4419.953
4317.274
4396.66
4322.415
4432.207
4346.22
4409.613
4374.347
4370.594
4384.968
4324.657
4390.974
4339.032
4373.248
4443.513
4442.118
4621.018
4566.712
4567.735
4567.629
4519.205
4548.327
4546.907
4553.927
4581.293
4573.523
4551.302
4644.704
4520.458
4561.075
4579.049
4516.788
4591.465
4601.96
4561.437
4534.62
4533.559
4585.506
4597.635
4587.635
4566.25
4621.665
4576.422
4577.771
4579.238
4577.897
4576.203
4600.985
4562.681
4649.759
4651.473
4592.264
4614.881
4597.338
4621.273
4666.586
4573.493
4554.636
4759.6
4746.401
4673.36
4722.075
4782.063
4731.849
4807.385
4757.216
4757.65
4816.887
4810.228
4770.708
4792.813
4782.516
4792.376
4799.81
4738.02
4780.675
4798.007
4789.905
4769.698
4700.556
4749.616
4858.306
4737.378
4817.699
4800.668
4786.804
4799.342
4796.792
4810.068
4846.949
4770.853
4792.614
4715.438
4744.745
4775.241
4783.292
4870.64
4741.595
4802.875
4816.727
4886.169
4908.89
4888.298
4958.104
4903.377
4937.943
4828.961
4984.528
4905.545
4928.951
4923.569
4974.97
4903.16
4949.321
4916.622
4882.871
4932.107
4935.742
4899.724
4874.949
4977.527
4917.515
4865.601
4943.376
4986.172
5008.97
4931.289
5029.436
4909.025
4939.148
4954.042
4954.562
4912.662
4991.755
4974.072
5001.115
5012.27
5014.168
4928.401
5035.239
4992.523
4979.976
4942.293
5005.235
4985.8
5007.31
4993.084
5001.88
4953.522
4972.157
5051.957
5014.976
4999.614
5028.255
4989.227
5010.165
5042.297
4985.3
5028.449
5037.725
5036.96
5024.75
4966.601
5064.531
5048.278
4999.245
4999.761
5081.712
5017.702
5040.607
5025.486
5100.75
5011.582
5033.138
5066.621
5055.09
5122.529
5037.256
5015.059
5073.051
5024.755
5063.706
5102.414
5120.411
4989.278
5130.533
5134.191
5034.39
5046.716
5064.779
5091.959
5043.291
5003.271
5083.777
5161.159
5107.929
5013.558
5106.118
5026.782
5101.046
5093.643
5035.689
5129.81
5092.273
5076.964
5064.382
5057.712
5039.674
5115.443
5113.451
5066.104
5099.468
5040.435
5069.212
5039.066
5065.166
5112.415
5112.32
5048.441
5083.739
5080.238
5077.852
5072.229
5065.301
5066.752
5041.471
5061.165
5062.531
4981.669
5114.798
5026.875
5110.273
5090.73
5130.656
5044.207
5086.1
5086.264
5115.005
5039.331
5095.139
5063.263
5100.943
5050.106
5090.036
5027.921
5043.988
5067.28
5046.567
5128.473
5011.227
5085.753
5057.763
5136.944
5125.201
5140.361
5006.171
4997.422
5053.204
4939.508
5055.09
5023.982
5052.618
5035.146
5096.031
5029.051
5055.737
5038.894
5049.957
5053.418
5080.626
5003.912
5021.183
5050.603
5057.469
5053.162
5030.015
5086.184
4978.44
5070.744
5128.057
5121.911
4978.091
5107.068
4965.334
5072.271
5013.9
5001.088
5066.752
4905.843
5051.064
5079.41
5061.356
5000.834
5092.892
5018.654
4996.355
5025.301
4986.039
5026.028
5055.807
4963.935
5011.541
4980.77
5017.323
5051.897
4962.92
5042.948
4997.169
5018.899
4928.923
5036.44
5000.383
4999.351
5009.727
5018.7
5011.153
5047.409
5028.171
5024.764
5054.512
4982.656
5049.887
4998.311
4975.433
4972.995
4993.006
4930.512
5048.864
5050.022
4943.581
4876.206
4938.42
4975.937
4957.986
4984.4
4923.86
4939.735
4926.949
4861.829
4999.895
4959.552
4979.242
5029.709
4975.694
5025.889
4915.685
4932.588
5022.316
4979.311
4927.675
4973.838
4939.744
4977.504
4958.387
4982.761
4975.896
4895.953
4905.283
4973.71
4994.869
4916.238
4886.371
4985.754
4983.702
4915.934
4956.849
4945.17
4996.373
4965.919
4983.725
5022.02
4904.623
4896.346
4878.493
4905.613
4836.523
4925.379
4818.631
4940.763
4815.756
4879.549
4836.14
4916.002
4820.233
4871.309
4870.847
4880.434
4853.865
4859.559
4911.562
4898.818
4886.623
4914.11
4902.045
4914.911
4893.357
4877.518
4888.23
4952.655
4872.282
4845.659
4914.218
4911.304
4917.587
4864.315
4976.221
4944.633
4851.594
4961.777
4878.533
4920.876
4949.577
4927.239
4839.415
4780.438
4894.668
4817.504
4807.021
4848.315
4824.222
4833.33
4785.411
4803.406
4760.648
4830.762
4844.655
4811.792
4846.418
4849.365
4906.842
4903.756
4840.516
4854.446
4829.081
4872.188
4881.05
4837.418
4894.204
4828.725
4819.732
4882.925
4755.245
4850.24
4832.262
4846.07
4825.95
4860.772
4815.587
4858.293
4876.485
4802.729
4783.626
4849.767
4860.396
4869.734
4654.202
4670.615
4781.076
4764.526
4715.703
4672.852
4675
4607.533
4691.175
4724.82
4745.217
4716.667
4652.372
4698.881
4710.36
4717.654
4651.952
4734.691
4716.528
4642.091
4708.599
4740.547
4705.174
4745.741
4730.441
4668.697
4752.596
4739.678
4716.216
4694.452
4732.965
4712.356
4711.722
4625.042
4719.005
4756.261
4823.755
4734.739
4750.556
4678.321
4588.011
4622.329
4539.99
4596.483
4520.987
4595.272
4579.698
4568.925
4580.048
4596.267
4535.396
4591.562
4558.997
4571.261
4560.319
4615.986
4541.048
4625.395
4572.516
4589.655
4559.001
4540.425
4540.45
4537.532
4568.664
4541.462
4535.313
4607.096
4570.95
4565.88
4538.393
4604.682
4564.917
4547.514
4552.182
4582.61
4578.88
4595.818
4482.96
4469.186
4514.804
4501.264
4431.615
4513.718
4526.478
4534.039
4492.5
4502.458
4486.095
4524.857
4471.698
4487.016
4526.178
4445.859
4444.074
4479.266
4518.518
4436.095
4469.347
4497.414
4530.987
4489.269
4538.802
4434.249
4471.204
4504.607
4522.828
4495.641
4482.242
4435.969
4475.435
4538.401
4582.31
4504.847
4490.692
4490.456
4549.131
4460.892
4459.335
4484.789
4470.763
4456.961
4427.544
4398.049
4435.658
4408.208
4450.353
4435.266
4456.177
4439.463
4375.826
4434.739
4438.016
4445.777
4436.818
4460.008
4457.359
4390.509
4427.181
4406.073
4442.392
4449.119
4428.726
4476.626
4396.328
4514.084
4394.372
4444.225
4441.995
4429.098
4448.767
4458.283
4444.839
4419.969
4432.75
4439.803
4513.573
4483.179
4333.816
4404.847
4338.509
4380.693
4322.248
4387.113
4381.525
4361.55
4406.056
4357.101
4348.634
4357.113
4448.111
4315.06
4354.827
4346.836
4335.026
4359.614
4400.492
4340.923
4374.214
4354.056
4277.875
4373.401
4374.996
4328.65
4354.189
4395.275
4324.414
4340.551
4392.216
4345.727
4370.175
4370.743
4384.823
4397.008
4431.232
4381.549
4310.913
4337.154
4279.23
4318.774
4295.757
4329.878
4249.78
4273.374
4303.102
4280.705
4287.31
4281.667
4306.115
4232.175
4353.303
4298.713
4336.399
4261.296
4281.505
4316.968
4319.335
4267.368
4332.379
4297.902
4290.652
4313.276
4316.241
4229.335
4285.344
4320.481
4321.627
4307.615
4313.185
4256.506
4240.588
4333.776
4336.411
4347.188
4329.89
4354.229
4353.315
4230.843
4227.683
4308.881
4217.537
4269.601
4216.62
4251.973
4204.904
4267.203
4202.252
4281.02
4223.134
4261.845
4250.837
4212.563
4296.37
4262.143
4245.614
4243.757
4237
4268.468
4319.836
4169.885
4263.812
4268.527
4224.083
4209.945
4305.057
4260.122
4198.905
4282.779
4200.623
4262.701
4206.938
4247.792
4263.062
4243.663
4247.068
4230.496
4155.339
4208.976
4182.131
4244.566
4151.441
4164.554
4112.759
4138.743
4200.646
4209.907
4123.037
4186.691
4162.962
4184.755
4183.595
4225.939
4184.605
4214.865
4202.883
4185.85
4166.027
4203.308
4241.228
4162.552
4127.608
4182
4179.34
4186.694
4181.03
4125.689
4156.105
4222.866
4193.104
4171.014
4160.294
4204.122
4261.28
4092.453
4044.523
4123.763
4114.35
4118.217
4091.379
4142.599
4063.988
4145.706
4129.757
4138.11
4077.14
4138.217
4132.987
4131.853
4069.206
4106.661
4087.352
4064.033
4139.033
4112.6
4154.386
4125.598
4163.361
4113.759
4183.241
4142.137
4118.354
4095.933
4128.889
4101.943
4131.88
4155.821
4064.131
4127.479
4124.929
4055.908
4071.391
4102.703
4072.066
4053.48
4060.741
4093.904
4109.976
4020.015
4048.913
4085.64
4045.569
4089.419
4067.744
4019.452
4089.02
4009.369
4056.943
4082.6
4060.887
4041.957
4025.502
4097.514
4103.016
4114.244
4102.302
4052.122
4090.723
4027.271
4124.568
3977.946
4035.704
4031.32
3989.074
4032.586
3981.314
4002.027
3976.949
4021.948
3967.481
3971.821
4058.251
4047.153
4038.481
4023.967
3979.833
3988.563
3987.384
3980.115
4025.068
3983.919
4015.696
4016.621
4100.614
3990.216
4044.321
4061.272
4040.181
4102.771
4019.149
4065.325
4043.752
3962.489
3994.099
3878.645
4003.83
4079.214
4018.412
4026.733
4014.25
3949.547
3989.9
3917.192
3978.026
3912.811
3999.868
4020.418
3981.776
3976.598
3978.151
3949.663
3971.386
3983.596
3983.174
3974.47
3892.846
3988.482
3963.131
3981.069
3883.471
3926.949
3934.9
3957.682
3965.779
3945.017
3982.528
4002.573
3957.066
3985.177
3997.007
3890.552
3982.473
3983.39
4043.491
3977.796
3932.733
4005.416
3918.372
3935.124
3962.438
4032.738
3926.88
3982.462
3849.859
3906.693
3948.521
3913.406
3924.761
3910.656
3915.36
3906.912
3894.012
3938.794
3928.244
3885.517
3936.418
3896.861
3943.836
3920.375
3993.665
3873.383
3967.127
3982.459
3898.117
3923.995
3888.664
3900.451
3934.352
3950.445
3942.362
3894.327
3912.742
3911.481
3890.742
3921.21
3910.984
3915.425
3864.489
3863.129
3888.618
3877.484
3882.709
3859.143
3804.784
3851.484
3881.072
3793.584
3899.094
3886.469
3819.31
3805.692
3846.014
3850.788
3884.573
3821.907
3837.451
3826.122
3871.022
3841.628
3899.029
3906.351
3850.494
3849.249
3808.799
3861.418
3879.274
3880.203
3859.95
3842.753
3838.954
3814.068
3837.766
3885.553
3895.859
3916.106
3828.541
3903.247
3861.436
3944.588
3897.212
3805.906
3881.322
3824.132
3777.841
3807.698
3801.299
3830.925
3774.408
3839.3
3783.611
3850.2
3803.201
3840.273
3786.302
3839.809
3819.32
3826.704
3762.046
3811.157
3793.989
3834.303
3875.499
3629.23
3211.489
3347.558
3000.992
3905.926
3813.692
3852.601
3878.149
3772.903
3805.895
3847.172
3803.001
3860.746
3827.18
3763.39
3742.588
3740.614
3759.16
3767.472
3754.724
3790.657
3806.418
3796.156
3731.151
3775.51
3715.069
3755.675
3747.569
3749.907
3762.749
3734.916
3765.748
3769.829
3794.978
3760.774
3792.55
3754.842
3745.157
3759.136
3756.537
3791.624
3724.881
3704.473
3727.301
3753.988
3770.506
3800.347
3752.93
3760.088
3776.63
3701.346
3766.65
3733.599
3818.683
3709.496
3735.054
3669.831
3760.314
3697.785
3729.385
3798.317
3745.068
3727.991
3687.782
3728.839
3714.532
3732.987
3717.383
3754.579
3715.527
3710.237
3669.165
3714.853
3768.999
3713.379
3652.647
3731.254
3701.881
3749.13
3654.679
3743.705
3717.879
3649.408
3716.475
3717.557
3733.957
3699.829
3733.42
3672.888
3658.448
3706.541
3706.978
3677.701
3672.614
3650.145
3635.298
3610.03
3679.097
3621.443
3673.131
3606.707
3678.508
3686.937
3686.723
3658.758
3638.578
3670.22
3605.857
3656.837
3643.756
3612.771
3693.649
3729.399
3671.623
3740.207
3682.748
3674.069
3676.733
3702.989
3657.343
3652.341
3675.974
3709.95
3694.677
3710.333
3693.051
3678.809
3671.971
3630.46
3639.654
3695.126
3631.209
3676.171
3685.996
3625.805
3568.71
3608.116
3584.69
3624.306
3651.802
3632.306
3651.617
3651.284
3641.749
3627.839
3611.158
3617.999
3635.171
3668.087
3654.763
3654.922
3596.666
3643.632
3618.929
3674.722
3634.388
3610.399
3625.037
3594.576
3654.295
3586.639
3627.502
3592.196
3579.145
3678.22
3591.141
3654.605
3647.446
3630.794
3632.718
3652.707
3596.016
3548.853
3619.816
3516.667
3595.602
3621.426
3582.736
3598.866
3538.745
3540.776
3556.635
3594.579
3610.795
3572.258
3584.033
3621.243
3554.13
3563.855
3598.508
3536.331
3572.143
3545.113
3568.845
3585.248
3575.359
3616.55
3609.991
3662.436
3539.178
3621.46
3640.8
3602.52
3547.896
3596.563
3561.85
3614.412
3589.706
3621.857
3609.239
3522.632
3525.306
3527.252
3552.153
3438.866
3504.671
3573.792
3496.933
3571.502
3584.152
3539.889
3518.553
3497.052
3551.338
3536.679
3517.811
3624.132
3504.645
3596.361
3541.777
3529.699
3549.014
3562.71
3596.361
3349.349
3530.577
3586.92
3497.184
3557.152
3594.235
3553.213
3570.62
3518.358
3586.669
3564.715
3518.076
3510.945
3480.491
3543.84
3498.588
3499.181
3553.678
3470.139
3510.063
3532.356
3520.64
3469.845
3467.305
3522.301
3575.29
3524.011
3528.194
3505.226
3481.398
3510.493
3490.802
3564.072
3529.559
3561.243
3523.576
3557.428
3477.299
3420.661
3559.689
3497.967
3490.333
3490.789
3466.973
3471.034
3480.465
3486.67
3461.711
3518.381
3440.45
3430.492
3456.213
3458.897
3464.413
3436.07
3480.93
3462.445
3450.043
3447.841
3469.998
3483.236
3460
3487.245
3491.182
3463.089
3440.117
3454.249
3485.912
3448.727
3470.494
3427.337
3468.308
3442.12
3476.761
3492.056
3429.282
3503.08
3462.317
3454.294
3469.861
3422.439
3475.98
3471.152
3441.385
3500.532
3449.887
3449.344
3436.954
3404.556
3428.812
3430.568
3426.757
3438.198
3402.7
3420.872
3402.738
3482.046
3424.267
3395.218
3406.516
3436.102
3459.213
3395.093
3448.041
3432.073
3441.398
3382.069
3449.97
3440.304
3474.728
3415.873
3451.962
3397.965
3455.936
3446.803
3422.145
3415.781
3443.979
3440.897
3439.417
3459.448
3423.81
3405.048
3441.971
3429.134
3409.552
3440.472
3415.64
3389.869
3404.189
3419.253
3392.573
3333.337
3327.684
3333.171
3357.782
3409.74
3440.894
3374.816
3389.984
3383.957
3344.211
3428.733
3425.589
3431.579
3447.124
3415.677
3414.036
3393.245
3427.394
3393.727
3342.329
3420.453
3380.403
3395.49
3391.692
3419.171
3412.781
3435.991
3403.894
3388.398
3390.827
3341.594
3384.945
3366.561
3359.56
3354.527
3376.563
3386.133
3356.718
3360.319
3327.644
3356.304
3317.683
3322.618
3334.326
3377.537
3366.214
3366.632
3431.712
3441.905
3305.623
3383.521
3411.474
3404.688
3370.38
3330.446
3327.619
3348.766
3357.735
3410.607
3364.131
3367.882
3316.983
3387.896
3364.01
3381.701
3388.92
3362.027
3351.994
3306.661
3341.609
3335.53
3338.77
3289.041
3314.803
3306.378
3363.09
3300.49
3298.229
3356.659
3372.417
3350.948
3275.509
3294.076
3342.369
3300.074
3363.874
3302.266
3367.017
3337.352
3352.954
3312.175
3343.213
3335.604
3332.413
3339.471
3375.26
3351.457
3354.876
3351.04
3419.099
3270.662
3369.669
3390.502
3340.852
3348.643
3320.868
3294.768
3279.82
3308.361
3279.02
3304.901
3307.008
3287.284
3250.84
3266.625
3282.289
3364.447
3286.527
3332.017
3335.207
3297.959
3297.233
3348.609
3317.655
3303.118
3350.266
3321.232
3325.337
3286.624
3344.919
3279.693
3349.164
3294.267
3362.185
3301.627
3359.861
3278.869
3352.383
3315.676
3343.281
3302.847
3310.214
3290.968
3360.285
3271.554
3286.485
3226.093
3286.207
3245.497
3285.916
3243.904
3291.065
3235.484
3315.462
3312.806
3294.492
3217.064
3224.602
3252.61
3339.191
3202.572
3269.204
3210.64
3331.422
3212.726
3326.902
3289.047
3291.729
3267.025
3305.884
3312.855
3253.905
3290.877
3263.407
3296.653
3260.066
3279.808
3294.789
3299.861
3250.119
3274.674
3323.647
3249.224
3295.928
3322.934
3272.783
3254.735
3250.346
3159.166
3242.548
3233.289
3260.13
3223.052
3234.84
3235.651
3276.602
3225.915
3204.974
3222.853
3204.495
3250.882
3286.512
3258.106
3217.802
3204.248
3255.032
3246.998
3253.063
3302.582
3253.833
3254.957
3277.19
3278.932
3192.159
3313.411
3233.345
3303.668
3209.464
3227.029
3256.861
3217.292
3215.313
3240.041
3211.38
3191.92
3182.354
3247.881
3193.214
3258.722
3152.562
3199.025
3201.383
3211.98
3224.474
3228.254
3213.087
3207.159
3248.404
3188.85
3194.797
3229.657
3188.8
3240.378
3241.79
3294.659
3207.723
3238.027
3270.81
3222.369
3233.428
3260.868
3224.61
3267.209
3196.616
3217.959
3251.805
3257.764
3246.873
3186.968
3217.455
3209.36
3190.454
3204.563
3178.452
3215.032
3139.266
3207.885
3172.582
3162.395
3196.766
3244.072
3212.705
3203.188
3182.477
3220.256
3218.507
3165.935
3182.245
3178.165
3183.418
3182.228
3217.167
3196.884
3234.733
3146.065
3191.853
3181.659
3172.436
3209.558
3201.861
3178.396
3195.253
3219.349
3190.078
3186.874
3169.375
3250.442
3259.517
3207.912
3214.907
3142.943
3203.2
3181.182
3164.542
3163.347
3120.927
3211.353
3156.88
3195.318
3163.499
3180.985
3163.137
3145.503
3134.077
3219.103
3151.622
3198.854
3135.91
3157.552
3200.944
3164.586
3156.325
3133.101
3201.997
3237.657
3178.013
3164.883
3193.055
3178.601
3145.3
3184.94
3241.847
3152.063
3200.083
3139.769
3137.497
3117.845
3166.175
3191.227
3199.659
3172.252
3217.979
3164.338
3116.134
3135.994
3088.867
3170.879
3202.123
3117.962
3141.556
3173.146
3104.614
3142.468
3173.38
3117.018
3122.661
3116.811
3141.863
3119.105
3193.723
3151.802
3205.089
3212.335
3178.446
3135.359
3154.221
3109.668
3129.032
3159.457
3179.333
3139.286
3164.14
3171.662
3148.105
3170.54
3153.959
3213.868
3078.081
3203.82
3178.894
3103.931
3098.253
3141.088
3202.014
3161.754
3136.991
3178.926
3161.233
3123.383
3147.859
3122.963
3107.054
3065.604
3146.242
3111.387
3117.27
3127.667
3116.949
3115.135
3106.717
3178.177
3092.668
3202.477
3086.726
3144.689
3088.765
3122.512
3112.081
3123.029
3110.86
3123.889
3146.424
3125.826
3138.04
3171.045
3081.181
3075.168
3191.097
3109.774
3166.898
3137.719
3056.309
3097.294
3101.185
3135.679
3113.589
3130.436
3104.895
3089.015
3124.157
3115.717
3036.206
3092.79
3092.001
3093.725
3122.339
3060.881
3111.413
3059.906
3133.032
3100.12
3122
3123.078
3108.652
3140.905
3134.851
3120.117
3092.804
3070.778
3134.507
3122.552
3088.478
3150.556
3113.4
3041.446
3080.041
2904.43
3111.061
3129.914
3070.942
3122.842
3085.2
3106.142
3093.562
3061.501
3081.55
3141.363
3040.829
3091.748
3114.604
3118.657
3100.277
3066.948
3053.599
3085.575
3080.322
3113.483
3088.984
3128.802
3111.427
3032.651
3125.956
3139.274
3133.312
3054.947
3084.989
3071.381
3113.354
3072.702
3086.862
3110.482
3100.434
3082.476
3067.256
3113.827
3078.467
3081.178
3112.31
3115.152
3110.725
3037.963
3083.191
3056.869
3059.773
3072.15
3042.334
3107.518
3040.642
3100.351
3113.271
3004.106
3049.563
3053.959
3049.754
3085.722
3068.149
3097.497
3072.728
3045.903
3058.618
3075.624
3059.193
3083.986
3073.631
3084.12
3084.299
3082.513
3057.722
3072.832
3105.924
3052.463
3021.243
3090.287
3088.139
3058.801
3097.34
3072.462
3067.903
3029.125
3018.94
3033.132
3145.833
3059.624
3092.408
3078.849
3108.503
3104.208
3075.097
3069.715
3081.545
3085.862
3102.808
3106.911
3057.469
3082.873
3010.014
3065.742
3088.552
3104.326
3075.123
3040.701
3062.099
3099.058
3084.168
3090.78
3064.709
3112.23
3100.205
3028.899
3093.465
3116.243
3051.404
3063.843
3036.064
3088.398
3042.185
3026.577
3023.264
3025.938
3006.91
3061.812
3080.671
3062.714
3041.23
3128.139
3022.376
3035.264
3035.778
3034.101
3035.546
3047.135
3085.45
3113.726
3080.898
3109.19
3079.541
3060.486
3066.141
3059.43
2973.235
3061.538
3074.443
3104.629
3054.494
3094.568
3044.369
3017.197
3004.219
3039.105
3058.703
3041.586
3098.838
3031.207
3026.657
3072.875
3023.283
3078.569
3081.113
3065.245
3041.266
3091.218
3032.626
3029.806
3116.848
3032.151
3094.944
3098.735
3097.622
2979.897
3039.653
3040.734
3086.41
3030.203
3058.97
3083.427
3055.344
3047.828
3069.633
3073.602
3067.248
3049.083
3136.335
3065
3085.666
3088.705
3083.992
3067.598
3007.47
3071.432
3046.86
3133.104
3064.636
2996.159
3038.567
3117.23
3018.35
3055.557
3081.843
3059.359
3084.12
3109.72
3051.682
3086.749
3078.617
3041.02
3084.475
3033.707
3090.336
3071.381
3053.358
3084.614
3052.393
3070.227
3080.205
3042.418
3118.324
3132.897
3091.309
3109.353
2985.045
3069.429
3078.807
3096.687
3067.155
3098.912
3291.865
3075.301
3130.024
3110.072
3116.472
3089.633
3073.421
3132.086
3125.567
3099.56
3119.536
3099.212
3073.826
3113.675
3137.644
3057.993
3100.534
3071.695
3159.201
3092.223
3109.637
3069.656
3112.909
3087.098
3147.72
3065.533
3107.432
3096.048
3122.466
3122.581
3149.7
3070.139
3146.714
3082.779
3151.444
3135.711
3102.833
3076.783
3082.268
3084.41
3176.245
3179.899
3119.505
3119.85
3124.471
3087.212
3091.383
3154.566
3138.592
3103.759
3192.17
3182.451
3185.891
3130.286
3160.19
3095.053
3096.379
3152.934
3176.199
3200.236
3109.01
3142.621
3149.759
3161.515
3166.621
3123.967
3145.181
3211.235
3118.988
3184.485
3200.558
3112.408
3118.83
3201.389
3194.394
3128.012
3174.093
3100.26